1696053667236 0.7783499956130981 0
1696053682120 0.9235333204269409 1
1696053699466 0.9463499784469604 2
1696053713839 0.9587833285331726 3
1696053726865 0.965749979019165 4
1696053739925 0.9704166650772095 5
1696053752762 0.9753999710083008 6
1696053765912 0.9789000153541565 7
1696053778971 0.9815000295639038 8
1696053792057 0.9835833311080933 9
1696053806342 0.9850333333015442 10
1696053820764 0.9866499900817871 11
1696053833639 0.9872833490371704 12
1696053846921 0.989549994468689 13
1696053859855 0.9900500178337097 14
1696053872958 0.9904999732971191 15
1696053886749 0.9909999966621399 16
1696053900590 0.9926166534423828 17
1696053913889 0.9934999942779541 18
1696053927122 0.9936500191688538 19
