1696053667236 7.036328315734863 0
1696053682120 0.6023522615432739 1
1696053699466 0.46617478132247925 2
1696053713839 0.3986959457397461 3
1696053726865 0.3512122929096222 4
1696053739925 0.32137617468833923 5
1696053752762 0.2915039360523224 6
1696053765912 0.26984038949012756 7
1696053778971 0.25115418434143066 8
1696053792057 0.2330452799797058 9
1696053806342 0.22066397964954376 10
1696053820764 0.20822903513908386 11
1696053833639 0.19918900728225708 12
1696053846921 0.188429057598114 13
1696053859855 0.1818276196718216 14
1696053872958 0.17687833309173584 15
1696053886749 0.17356376349925995 16
1696053900590 0.167621448636055 17
1696053913889 0.16290295124053955 18
1696053927122 0.15897901356220245 19
