1696288117402 0.8793500065803528 0
1696288122625 0.9274666905403137 1
1696288127970 0.9431833624839783 2
1696288133619 0.9555166959762573 3
1696288139320 0.9628333449363708 4
1696288145061 0.9698500037193298 5
1696288151023 0.9743333458900452 6
1696288157019 0.9788833260536194 7
1696288163045 0.9820500016212463 8
1696288169158 0.9850666522979736 9
1696288175261 0.9871166944503784 10
1696288181550 0.9893666505813599 11
1696288187881 0.9921333193778992 12
1696288194273 0.9933666586875916 13
1696288200627 0.9946333169937134 14
1696288206967 0.9959999918937683 15
1696288213470 0.9968833327293396 16
1696288219781 0.997783362865448 17
1696288226081 0.9983833432197571 18
1696288232450 0.9988333582878113 19
