1696288117402 0.45843270421028137 0
1696288122625 0.2507271468639374 1
1696288127970 0.19625890254974365 2
1696288133619 0.15686243772506714 3
1696288139320 0.12883757054805756 4
1696288145061 0.10564029961824417 5
1696288151023 0.08858346194028854 6
1696288157019 0.07451575994491577 7
1696288163045 0.0628519207239151 8
1696288169158 0.05304529517889023 9
1696288175261 0.0454077422618866 10
1696288181550 0.038932137191295624 11
1696288187881 0.03212061896920204 12
1696288194273 0.02736392244696617 13
1696288200627 0.023335447534918785 14
1696288206967 0.019427301362156868 15
1696288213470 0.01615988090634346 16
1696288219781 0.013464843854308128 17
1696288226081 0.011050498113036156 18
1696288232450 0.009401002898812294 19
