1696054216983 0.7724666595458984 0
1696054228070 0.9220166802406311 1
1696054238903 0.9470333456993103 2
1696054250379 0.9589166641235352 3
1696054262999 0.9664833545684814 4
1696054274908 0.9720500111579895 5
1696054287068 0.9759500026702881 6
1696054298947 0.9785833358764648 7
1696054311211 0.9806166887283325 8
1696054323343 0.9835833311080933 9
1696054335745 0.9856166839599609 10
1696054348341 0.9876999855041504 11
1696054360369 0.9876333475112915 12
1696054373073 0.9893166422843933 13
1696054386076 0.9904166460037231 14
1696054398996 0.9913333058357239 15
1696054411572 0.9915666580200195 16
1696054423799 0.9919499754905701 17
1696054436410 0.9926499724388123 18
1696054449210 0.9932166934013367 19
