1696054216983 7.226308345794678 0
1696054228070 0.6166211366653442 1
1696054238903 0.46749788522720337 2
1696054250379 0.3949083089828491 3
1696054262999 0.3467506766319275 4
1696054274908 0.3129444122314453 5
1696054287068 0.2880338430404663 6
1696054298947 0.2659513056278229 7
1696054311211 0.2495410144329071 8
1696054323343 0.23179958760738373 9
1696054335745 0.21719516813755035 10
1696054348341 0.2025180459022522 11
1696054360369 0.19751213490962982 12
1696054373073 0.18950499594211578 13
1696054386076 0.17846107482910156 14
1696054398996 0.1729406863451004 15
1696054411572 0.16988405585289001 16
1696054423799 0.16592633724212646 17
1696054436410 0.16282624006271362 18
1696054449210 0.15991684794425964 19
