1696288617998 0.8811666369438171 0
1696288623722 0.9279166460037231 1
1696288629609 0.9435666799545288 2
1696288635721 0.9543499946594238 3
1696288642450 0.963533341884613 4
1696288648833 0.9703500270843506 5
1696288655166 0.9757166504859924 6
1696288661800 0.9789666533470154 7
1696288668480 0.9824166893959045 8
1696288675197 0.9851666688919067 9
1696288681949 0.9873499870300293 10
1696288688820 0.9895666837692261 11
1696288695639 0.9914833307266235 12
1696288702651 0.9933000206947327 13
1696288709682 0.9946666955947876 14
1696288716891 0.9958999752998352 15
1696288723948 0.9970166683197021 16
1696288731140 0.9978833198547363 17
1696288738164 0.998283326625824 18
1696288745280 0.9988999962806702 19
