1696288617998 0.4511406719684601 0
1696288623722 0.24903753399848938 1
1696288629609 0.19474096596240997 2
1696288635721 0.15622375905513763 3
1696288642450 0.12611550092697144 4
1696288648833 0.10456140339374542 5
1696288655166 0.08717761933803558 6
1696288661800 0.07389048486948013 7
1696288668480 0.06187859922647476 8
1696288675197 0.05274668335914612 9
1696288681949 0.045056384056806564 10
1696288688820 0.03813784196972847 11
1696288695639 0.032711517065763474 12
1696288702651 0.02712072990834713 13
1696288709682 0.02305672876536846 14
1696288716891 0.01916745863854885 15
1696288723948 0.016246864572167397 16
1696288731140 0.013533677905797958 17
1696288738164 0.011344840750098228 18
1696288745280 0.009356202557682991 19
